
 ************************************************************
                      PROGRAM SPECTRO 
    SPECTROSCOPIC CONSTANTS AND VIBRATIONAL PROPERTIES

             WRITTEN BY:  JEFFREY F. GAW 
                    AND  ANDREW WILLETTS 


  RUNNING IN:  CARTESIAN --> NORMAL --> INTERNAL COORD MODE
 ************************************************************

 NCART    =    1
 ISOTOP   =    0
 NBOND    =    3
 NBEND    =    2
 2*NLBEND =    0
 NOFPB    =    0
 NTORS    =    1
 NDERIV   =    4
 ISYMM    =    0
 ICURVQ   =    0
 IDEGNL   =    0
 IFREQ    =    0
 IPRNT    =    0
 NWFRQ    =    0
 NPROP    =    0
 ICORIL   =    0
 IFERM1   =    0
 IFERM2   =    0
 IROTRN   =    0
 ILSQRS   =    0
 IAVERG   =    1
 IREP     =    0
 IPARMF   =    0
 IPARMD   =    0
 IGEOM    =    0
 ITEMP    =  300
 IDARL    =    0
 MAXJ     =    3
 INORM    =    0
 <>
 ISOTOPE #            1

          --- INPUT GEOMETRY IN BOHR


  GEOMETRY ANALYSIS - 1. INITIAL GEOMETRY
                      2. MOVE TO PRINCIPAL AXES
                      3. ROTATE ATOM TO X-AXIS
                         (SYMMETRIC TOP ONLY)


****************************************
 ORIGINAL COORDINATE REPRESENTATION 
****************************************


   MOLECULAR CARTESIAN GEOMETRY (IN A)

ATOM NO.               X              Y              Z              W
    1              0.0000000      0.0000000     -0.6023938     15.9949146
    2              0.0000000      0.0000000      0.6039062     12.0000000
    3              0.0000000      0.9378842      1.1826745      1.0078250
    4              0.0000000     -0.9378842      1.1826745      1.0078250

   CENTER OF MASS COORDINATES

           CMX            CMY            CMZ
        0.0000000      0.0000000     -0.0001501

   CARTESIAN COORDINATES W.R.T. CENTER OF MASS

ATOM NO.               X              Y              Z              W
    1              0.0000000      0.0000000     -0.6022437     15.9949146
    2              0.0000000      0.0000000      0.6040563     12.0000000
    3              0.0000000      0.9378842      1.1828246      1.0078250
    4              0.0000000     -0.9378842      1.1828246      1.0078250

   INERTIA TENSOR

             1           2           3
  ------------------------------------------
   1    14.7729869
   2     0.0000000  12.9999671
   3     0.0000000   0.0000000   1.7730199

   EIGENVECTORS OF INERTIA TENSOR

              1           2           3
   ------------------------------------------
    1    0.00000000  0.00000000  1.00000000
    2    0.00000000 -1.00000000  0.00000000
    3    1.00000000  0.00000000  0.00000000

   PRINCIPAL MOMENTS OF INERTIA

              IN AMU.A+2        IN G.CM+2         IN CM-1           IN MHZ
                                (*D+39)
   1          0.17730D+01       0.29442D+00       0.95079D+01       0.28504D+06
   2          0.13000D+02       0.21587D+01       0.12967D+01       0.38875D+05
   3          0.14773D+02       0.24532D+01       0.11411D+01       0.34210D+05

**************************************************
 COORDINATE SYSTEM ABOUT PRINCIPAL AXES 
**************************************************


   MOLECULAR PRINCIPAL GEOMETRY (IN A)

ATOM NO.               A              B              C              W
    1             -0.6022437      0.0000000      0.0000000     15.9949146
    2              0.6040563      0.0000000      0.0000000     12.0000000
    3              1.1828246     -0.9378842      0.0000000      1.0078250
    4              1.1828246      0.9378842      0.0000000      1.0078250

   CENTER OF MASS COORDINATES

           CMX            CMY            CMZ
        0.0000000      0.0000000      0.0000000

   INERTIA TENSOR

             1           2           3
  ------------------------------------------
   1     1.7730199
   2     0.0000000  12.9999671
   3     0.0000000   0.0000000  14.7729869

 INTERNUCLEAR DISTANCE MATRIX (IN A)

             1           2           3           4
  ------------------------------------------------------
   1     0.0000000
   2     1.2063000   0.0000000
   3     2.0164562   1.1020887   0.0000000
   4     2.0164562   1.1020887   1.8757684   0.0000000

   BOND ANGLES (CENTRAL ATOM FIRST)

   J   I   K    DEGREES     I   J   K    DEGREES    K   I   J    DEGREES   

   2   1   3    121.679     1   2   3     27.718    3   1   2     30.604
   2   1   4    121.679     1   2   4     27.718    4   1   2     30.604
   3   1   4     62.282     1   3   4     55.435    4   1   3     62.282
   3   2   4     31.679     2   3   4    116.643    4   2   3     31.679
 <>

          ------------------------------------------------------------
                             MEMORY ALLOCATION SCHEME 
          ------------------------------------------------------------

 INTEGER DEFAULT ALLOCATION
   ALLOCATION: BLOCK START-     1   FINISH-   515   TOTAL-   514

 REAL DEFAULT ALLOCATION
   ALLOCATION: BLOCK START-   515   FINISH- 56894   TOTAL- 56379

 CUBIC AND QUARTIC ALLOCATION
   ALLOCATION: BLOCK START- 56894   FINISH- 64743   TOTAL-  7849

   ALLOCATION: BLOCK START- 64743   FINISH- 66283   TOTAL-  1540

 VIBFX ALLOCATION
   ALLOCATION: BLOCK START- 66283   FINISH- 66685   TOTAL-   402

 LTENSR ALLOCATION
   ALLOCATION: BLOCK START- 66283   FINISH- 66936   TOTAL-   653

 SQHAMP ALLOCATION
   ALLOCATION: BLOCK START- 66283   FINISH- 66391   TOTAL-   108

 UMATRX ALLOCATION
   ALLOCATION: BLOCK START- 66283   FINISH- 66817   TOTAL-   534

 ZETA ALLOCATION
   ALLOCATION: BLOCK START- 66283   FINISH- 66541   TOTAL-   258

 TRNSFM ALLOCATION
   ALLOCATION: BLOCK START- 66936   FINISH- 68420   TOTAL-  1484

 FORCE3/FORCE4 ALLOCATION
   ALLOCATION: BLOCK START- 68420   FINISH- 68978   TOTAL-   558

 XCALC/XCALS ALLOCATION
   ALLOCATION: BLOCK START- 68420   FINISH- 68441   TOTAL-    21

 ROTA/ROTS ALLOCATION
   ALLOCATION: BLOCK START- 68420   FINISH- 68672   TOTAL-   252

 INTEN ALLOCATION
   ALLOCATION: BLOCK START- 68978   FINISH- 68978   TOTAL-     0

 DIPTRN ALLOCATION
   ALLOCATION: BLOCK START- 68978   FINISH- 70119   TOTAL-  1141

 ATUNIT ALLOCATION
   ALLOCATION: BLOCK START- 70119   FINISH- 76603   TOTAL-  6484

 ITERATE ALLOCATION
   ALLOCATION: BLOCK START- 76603   FINISH- 99817   TOTAL- 23214

 RAMANQ ALLOCATION
   ALLOCATION: BLOCK START- 99817   FINISH- 99817   TOTAL-     0

 INTENR ALLOCATION
   ALLOCATION: BLOCK START- 99817   FINISH- 99817   TOTAL-     0

 HRAMAN ALLOCATION
   ALLOCATION: BLOCK START- 99817   FINISH- 99817   TOTAL-     0

 3RD DERIVATIVE TRANSFORM
   ALLOCATION: BLOCK START- 99817   FINISH-106145   TOTAL-  6328

 FOURTH DERIVATIVE TRANSFORM
   ALLOCATION: BLOCK START-106145   FINISH-138023   TOTAL- 31878

 ICURVQ ALLOCATION
   ALLOCATION: BLOCK START-138023   FINISH-138501   TOTAL-   478

 LSQRS ALLOCATION
   ALLOCATION: BLOCK START-138501   FINISH-139629   TOTAL-  1128

 TMATRX ALLOCATION
   ALLOCATION: BLOCK START-139629   FINISH-139755   TOTAL-   126

 SEXTIC ALLOCATION
   ALLOCATION: BLOCK START-139755   FINISH-139953   TOTAL-   198

 WCALS ALLOCATION
   ALLOCATION: BLOCK START-139953   FINISH-139989   TOTAL-    36


   INTEGER MEMORY REQUIRED -     515 Word   ALLOCATED - 3500000 Word


   REAL MEMORY REQUIRED    -  139475 Word   ALLOCATED -******** Word

  *** FILE           15  IS IN SPECTRO 1.x FORMAT ***


   THE NORMAL COORDINATE ANALYSIS BY FX MATRIX METHOD



   SECULAR EQUATIONS
   FXM MATRIX

             1           2           3           4           5           6           7           8           9          10
  ------------------------------------------------------------------------------------------------------------------------------
   1    -0.1731402
   2    -0.7317622  -0.4712092
   3    -0.3075190  -0.6264254   0.8381624
   4    -0.3256943   1.0771616  -0.1941784   0.8397154
   5     0.3000208   0.4360191   0.1830606  -0.7597120   1.0799821
   6     0.2692773  -0.4107469  -0.1532506  -0.1145084   1.0490941  -0.5977166
   7    -1.6092175  -2.2020063   1.2072340   1.3206183  -0.0511115  -3.0050251  11.4549964
   8     2.8758808   1.4947162  -0.5023169  -0.2711852  -1.1100578   4.3085947   1.0533237  13.0521521
   9     1.1535295  -0.0470826  -3.0533497   0.4941467  -0.5304913  -3.4483107  -7.4691141  11.0404646 -13.9456052
  10    -3.4791900   3.5099188  -2.6450790  -1.5696359  -0.0022276   0.8271592 -10.7102165   5.2442611   1.8000300  -9.1253415
  11     2.9271873  -3.3917419   2.5278549   2.7114730  -1.4323635  -4.3787478  15.0598740 -10.3590615   6.4028347   5.1314444
  12     1.8775117  -1.8605720   2.6579126   0.2235834   3.1503761  -2.2616118 -14.6378509   9.2604424  -5.6660746  -4.2359046


            11          12
  ------------------------------
  11    -1.2033959
  12    -8.0976886  -2.7213930


   *****************************
   ***VIBRATIONAL FREQUENCIES***
   *****************************
 TOO MANY NEGATIVE FREQUENCIES
 TOO MANY NEGATIVE FREQUENCIES
 TOO MANY NEGATIVE FREQUENCIES
 TOO MANY NEGATIVE FREQUENCIES
 TOO MANY NEGATIVE FREQUENCIES
 
 IMAGINARY FREQUENCY FOUND - TRANSITION STATE
 


   LXM MATRIX

             1           2           3           4           5           6           7           8           9          10
           7807.47     5086.80     3854.06     2615.51     1616.10     7634.49      595.96     1248.66     1832.26     4701.33
  ------------------------------------------------------------------------------------------------------------------------------
   1     0.0378230  -0.1200311  -0.1375785   0.5105195  -0.3123182  -0.0803944   0.3398209  -0.2590965  -0.5467317   0.0049823
   2     0.0867315   0.0020060   0.2781157  -0.2985991   0.3372370   0.0088624  -0.3032018  -0.0297083  -0.6984191  -0.0985434
   3    -0.0486665   0.0470584  -0.4218440   0.1612109   0.2645411  -0.0570024  -0.5172936  -0.5571020  -0.0391539   0.2127289
   4    -0.0625864  -0.0556180   0.0220484   0.1651616   0.7616035  -0.0174511   0.3571074  -0.1154058   0.2439169   0.0537596
   5     0.0468447   0.1053774  -0.2340718  -0.1659119  -0.3064559   0.0514228  -0.3376909  -0.0746668   0.2483336   0.1117776
   6     0.1290501  -0.0632942  -0.0580387  -0.4986380  -0.1283995  -0.1027620   0.4232539  -0.6452285   0.0839996  -0.1209659
   7    -0.6136191  -0.4833655  -0.2897676  -0.2411779   0.0042046  -0.4217961  -0.0279910   0.1693779  -0.0756002  -0.1641527
   8     0.4443313  -0.8097873  -0.0436865  -0.0024617   0.0248390   0.3394287  -0.1262749   0.0226126   0.0826669  -0.0354546
   9     0.0841722  -0.2312274   0.3437554   0.2647727  -0.0766910  -0.5399919  -0.0973817  -0.0393996   0.1340283   0.4774221
  10     0.1224413  -0.0052699   0.4969516  -0.0008215  -0.0606163  -0.3618453  -0.2322172  -0.2367005   0.1709074  -0.4225451
  11    -0.4585374  -0.0963663   0.2340000   0.3669687  -0.0772230   0.3760782  -0.1470852  -0.2576568   0.1435563  -0.4023311
  12     0.3995262   0.1139829  -0.4017072   0.2404794   0.1102323  -0.3458585  -0.0502215   0.1823286   0.0566627  -0.5643085


            11          12
           5401.76     1156.98
  ------------------------------
   1    -0.2420277  -0.2459085
   2     0.2326542  -0.2602201
   3    -0.1031158   0.2878711
   4    -0.1388903  -0.4029398
   5    -0.0412793  -0.7825262
   6     0.2856723   0.0390398
   7    -0.0772477  -0.0408253
   8    -0.0640229   0.0206000
   9     0.4398868  -0.0572041
  10    -0.5345072   0.0029772
  11     0.4085910  -0.0786786
  12     0.3432892  -0.0339165


   LX MATRIX

             1           2           3           4           5           6           7           8           9          10
           7807.47     5086.80     3854.06     2615.51     1616.10     7634.49      595.96     1248.66     1832.26     4701.33
  ------------------------------------------------------------------------------------------------------------------------------
   1     0.0094573  -0.0300125  -0.0344001   0.1276502  -0.0780920  -0.0201018   0.0849687  -0.0647844  -0.1367047   0.0012458
   2     0.0216863   0.0005016   0.0695400  -0.0746616   0.0843227   0.0022160  -0.0758125  -0.0074283  -0.1746325  -0.0246398
   3    -0.0121686   0.0117665  -0.1054778   0.0403091   0.0661458  -0.0142529  -0.1293439  -0.1392976  -0.0097900   0.0531907
   4    -0.0180671  -0.0160555   0.0063648   0.0476781   0.2198560  -0.0050377   0.1030880  -0.0333148   0.0704127   0.0155191
   5     0.0135229   0.0304198  -0.0675707  -0.0478946  -0.0884662   0.0148445  -0.0974830  -0.0215544   0.0716877   0.0322674
   6     0.0372536  -0.0182715  -0.0167543  -0.1439444  -0.0370658  -0.0296648   0.1221829  -0.1862614   0.0242486  -0.0349199
   7    -0.6112323  -0.4814853  -0.2886405  -0.2402398   0.0041883  -0.4201554  -0.0278821   0.1687191  -0.0753061  -0.1635142
   8     0.4426030  -0.8066375  -0.0435165  -0.0024521   0.0247424   0.3381085  -0.1257837   0.0225246   0.0823453  -0.0353167
   9     0.0838448  -0.2303280   0.3424183   0.2637429  -0.0763927  -0.5378915  -0.0970029  -0.0392464   0.1335070   0.4755651
  10     0.1219650  -0.0052494   0.4950187  -0.0008183  -0.0603805  -0.3604379  -0.2313139  -0.2357798   0.1702427  -0.4209015
  11    -0.4567538  -0.0959914   0.2330898   0.3655413  -0.0769226   0.3746154  -0.1465131  -0.2566546   0.1429979  -0.4007662
  12     0.3979721   0.1135395  -0.4001447   0.2395440   0.1098035  -0.3445132  -0.0500262   0.1816194   0.0564423  -0.5621135


            11          12
           5401.76     1156.98
  ------------------------------
   1    -0.0605165  -0.0614869
   2     0.0581728  -0.0650654
   3    -0.0257831   0.0719792
   4    -0.0400942  -0.1163187
   5    -0.0119163  -0.2258959
   6     0.0824665   0.0112698
   7    -0.0769472  -0.0406666
   8    -0.0637739   0.0205199
   9     0.4381758  -0.0569816
  10    -0.5324281   0.0029657
  11     0.4070017  -0.0783726
  12     0.3419539  -0.0337846

 ******************************** 
 CURVILINEAR INTERNAL COORDINATES 
 ******************************** 

 INT COORD NO.    DESCRIPTION           VALUE      ATOMS 

     ( 1)        BOND                        1.20630       1(O )     2(C )
     ( 2)        BOND                        1.10209       2(C )     3(H )
     ( 3)        BOND                        1.10209       2(C )     4(H )
     ( 4)        ANGLE                     121.67873       2(C )     1(O )     3(H )
     ( 5)        ANGLE                     121.67873       2(C )     1(O )     4(H )
     ( 6)        TORSION                     0.00000       1(O )     2(C )     3(H )     4(H )
 I OPTDL            1 -0.296890747938174     
 I OPTDL            2  0.137153190773118     
 I OPTDL            3 -2.131730847901525E-002
 I OPTDL            4  0.347241634308515     
 I OPTDL            5  6.238477506180837E-002
 I OPTDL            6  0.207419792297279     
 I OPTDL            7 -0.365906566660350     
 I OPTDL            8 -0.107334114644355     
 I OPTDL            9  0.142706833683101     
 I OPTDL           10 -0.112089625204147     
 I OPTDL           11 -0.162028056363157     
 I OPTDL           12  0.424669122964502     
 I OPTDL           13  2.271603332428999E-002
 I OPTDL           14 -0.105850441293125     
 I OPTDL           15  0.137359523568441     
 I OPTDL           16  0.163745876578721     
 I OPTDL           17 -8.301887316869871E-003
 I OPTDL           18  0.236695192331703     
 I OPTDL           19  0.149205200366079     
 I OPTDL           20  0.264569134175130     
 I OPTDL           21 -0.101672742446471     
 I OPTDL           22  5.526235160433293E-002
 I OPTDL           23 -3.193828231968413E-002
 I OPTDL           24 -5.659291234111311E-002
 I OPTDL           25  9.823504799817931E-002
 I OPTDL           26  3.195796060080687E-002
 I OPTDL           27 -5.522657885753269E-002
 I OPTDL           28  0.104899004526080     
 I OPTDL           29 -4.615866225813454E-002
 I OPTDL           30 -1.234905997023335E-002
 I OPTDL           31  1.275417444506235E-002
 I OPTDL           32 -3.304430199578141E-002
 I OPTDL           33  1.202906916682420E-002
 I OPTDL           34 -2.425106721316144E-003
 I OPTDL           35 -2.646028251893797E-002
 I OPTDL           36  9.931711167144176E-002
 I OPTDL           37 -0.246833420843659     
 I OPTDL           38 -0.248321197467002     
 I OPTDL           39 -0.131635347759417     
 I OPTDL           40  4.545946140977979E-002
 I OPTDL           41 -0.160525131887964     
 I OPTDL           42 -0.134654947848267     
 I OPTDL           43  0.193609703088358     
 I OPTDL           44 -0.191668296248119     
 I OPTDL           45 -0.255706650614883     
 I OPTDL           46  0.120884274340464     
 I OPTDL           47 -7.042545574836626E-002
 I OPTDL           48  1.254886612846633E-002
 I OPTDL           49 -1.092784950725193E-002
 I OPTDL           50  1.292747094856918E-002
 I OPTDL           51  0.447591018334590     
 I OPTDL           52 -0.486159665524432     
 I OPTDL           53  0.100734592570563     
 I OPTDL           54  0.213014087234146     
 I OPTDL           55  0.157635052170137     
 I OPTDL           56  0.257671429203292     

 FIRST DERIVATIVE OF THE L TENSOR :
 ROWS ARE INT COORDS AND COLUMNS ARE NORMAL COORDS

              1           2           3           4           5           6
   ------------------------------------------------------------------------------
    1   -0.02752438  0.01395701  0.04076492 -0.07997210  0.29794795  0.01506410
    2   -0.67665389  0.46791771 -0.17539401 -0.18987357 -0.20960030 -0.49310109
    3   -0.32666968 -0.10190185  0.51248335  0.32636839 -0.13734418  0.11952674
    4   -0.24679964 -0.78306103 -0.10267170 -0.22285868  0.03065032 -0.17697424
    5    0.32545346  0.09338205  0.12039678 -0.21226455 -0.36513113 -0.43539679
    6   -0.36533980  0.05220120  0.11101188 -0.98265125 -0.20971249  0.82053613

******************************************
 MEAN SQUARE HARMONIC AMPLITUDES AT 30 K
******************************************


 MATRIX OF MEAN SQUARE AMPLITUDES BETWEEN INTERNAL
 COORDINATES: BONDS IN A, ANGLES IN RADS 

              1           2           3           4           5           6
   ------------------------------------------------------------------------------
    1    0.00097727 -0.00053937 -0.00048502  0.00016438 -0.00103342 -0.00007405
    2   -0.00053937  0.00307626 -0.00030318 -0.00037652  0.00110909  0.00129720
    3   -0.00048502 -0.00030318  0.00232844 -0.00035104 -0.00002952 -0.00106113
    4    0.00016438 -0.00037652 -0.00035104  0.00260878 -0.00011153  0.00103313
    5   -0.00103342  0.00110909 -0.00002952 -0.00011153  0.00242066  0.00117213
    6   -0.00007405  0.00129720 -0.00106113  0.00103313  0.00117213  0.00852011

******************************************
 MEAN SQUARE HARMONIC AMPLITUDES AT 300 K
******************************************


 MATRIX OF MEAN SQUARE AMPLITUDES BETWEEN INTERNAL
 COORDINATES: BONDS IN A, ANGLES IN RADS 

              1           2           3           4           5           6
   ------------------------------------------------------------------------------
    1    0.00097807 -0.00053993 -0.00048539  0.00016447 -0.00103440 -0.00007461
    2   -0.00053993  0.00307666 -0.00030292 -0.00037658  0.00110978  0.00129760
    3   -0.00048539 -0.00030292  0.00232862 -0.00035108 -0.00002907 -0.00106089
    4    0.00016447 -0.00037658 -0.00035108  0.00260879 -0.00011163  0.00103309
    5   -0.00103440  0.00110978 -0.00002907 -0.00011163  0.00242186  0.00117283
    6   -0.00007461  0.00129760 -0.00106089  0.00103309  0.00117283  0.00852055

 ZETA MATRIX FOR COORDINATE DIRECTION :   1

              1           2           3           4           5           6
   ------------------------------------------------------------------------------
    1    0.00000000 -0.06072947  0.25156305 -0.14152568  0.01702951 -0.27613235
    2    0.06072947  0.00000000 -0.31129654 -0.32865253  0.01775983  0.49812103
    3   -0.25156305  0.31129654  0.00000000  0.21892625  0.21768801 -0.00802423
    4    0.14152568  0.32865253 -0.21892625  0.00000000 -0.21223109 -0.24761752
    5   -0.01702951 -0.01775983 -0.21768801  0.21223109  0.00000000  0.01439746
    6    0.27613235 -0.49812103  0.00802423  0.24761752 -0.01439746  0.00000000

 ZETA MATRIX FOR COORDINATE DIRECTION :   2

              1           2           3           4           5           6
   ------------------------------------------------------------------------------
    1    0.00000000 -0.20571045  0.45613903  0.07155986  0.01102269 -0.47168722
    2    0.20571045  0.00000000  0.22595661  0.19011016 -0.08266081 -0.22178560
    3   -0.45613903 -0.22595661  0.00000000 -0.31713230  0.07556592  0.04511415
    4   -0.07155986 -0.19011016  0.31713230  0.00000000 -0.57582956 -0.28740016
    5   -0.01102269  0.08266081 -0.07556592  0.57582956  0.00000000  0.01520086
    6    0.47168722  0.22178560 -0.04511415  0.28740016 -0.01520086  0.00000000

 ZETA MATRIX FOR COORDINATE DIRECTION :   3

              1           2           3           4           5           6
   ------------------------------------------------------------------------------
    1    0.00000000  0.70395627  0.44815027  0.10030370 -0.03101404 -0.13582784
    2   -0.70395627  0.00000000 -0.18928875 -0.16948548 -0.11709957 -0.54440839
    3   -0.44815027  0.18928875  0.00000000  0.10683395  0.18077136  0.17297091
    4   -0.10030370  0.16948548 -0.10683395  0.00000000  0.17097995  0.03569240
    5    0.03101404  0.11709957 -0.18077136 -0.17097995  0.00000000  0.01932480
    6    0.13582784  0.54440839 -0.17297091 -0.03569240 -0.01932480  0.00000000

 THE WILSON A MATRIX IN AMU 1/2 A 
 (ROWS ARE VIB DEG OF FREEDOM, AND COLS COORD PRODUCTS),

              1           2           3           4           5           6
   ------------------------------------------------------------------------------
    1   -1.70018584  0.25549331 -1.61061756 -1.92324211 -0.59384086 -3.31080340
    2    1.34343828  1.72066849 -0.81500461  0.77001951 -0.65006320  0.52843367
    3    0.52290950  1.86735785  1.24705271 -1.65157774  1.40377555  1.76996221
    4    0.69567189 -1.60972398 -2.34278171  1.66347845  0.04574663 -1.64710982
    5   -0.19219220  3.03146441  4.55785248  1.73204145 -0.35199402  4.36566028
    6    0.06901432 -1.87176193 -1.54681825  2.25926508 -0.36557124 -1.47780393

 THE INVERSE L MATRIX

              1           2           3           4           5           6
   ------------------------------------------------------------------------------
    1    0.06118700 -0.75850441 -0.46940705 -0.31512091  0.68799168 -0.09146861
    2    0.43550890  0.40019069 -0.12453380 -1.00352669  0.05258652  0.06210167
    3    1.92365112 -0.25210530  1.39113270 -0.15719970  1.08917321  0.15457356
    4   -1.26087097 -0.09481997  0.32533318 -0.25378572 -0.79710370 -0.55892467
    5    2.79335082 -0.05666361 -0.13876402 -0.01042076 -0.25814555 -0.20434707
    6   -1.05677741 -0.45710800 -0.03514290 -0.36178552 -0.86494277  0.43154643

 THE WILSON J MATRIX 
 DERIVATIVE OF THE MOMENT OF INERITA WITH RESPECT TO INT/SYMM COORDS
 (ROWS ARE INTERNAL/SYMMETRY COORD AND COLS COORD PRODUCTS),

              1           2           3           4           5           6
   ------------------------------------------------------------------------------
    1    0.00000000 16.83277788 19.26567271 -2.60615901  1.72633478 19.26567271
    2    1.60878141  0.86048949  1.25205576  0.89471092  0.01909551  2.86083717
    3    1.60878141  1.38495516  1.25205576 -1.26923128  2.38912023  2.86083717
    4   -1.09413045 -1.04668498  2.23606655 -1.16463946  0.74313095  1.14193609
    5   -1.09413045  4.41966222  2.23606655 -6.80875476  1.45681167  1.14193609
    6    0.00000000 -0.15537766  0.00000000 -0.34027343  0.11953344  0.00000000

                 ************* ERROR IN SUM RULES *************
                           SEE ERROR FILE FOR DETAILS

 QUARTIC CENTRIFUGAL DISTORTION CONSTANTS TAU PRIME 

                       CM -1                    MHz


 TAUP aaaa         -0.0004277643           -12.8240520192
 TAUP bbbb         -0.0000060199            -0.1804720399
 TAUP cccc         -0.0000032728            -0.0981171878

 TAUP aabb         -0.0002917435            -8.7462496724
 TAUP aacc         -0.0000979901            -2.9376684447
 TAUP bbcc         -0.0000045996            -0.1378929129

 REPRESENTATION =     1
 WHERE :   1 =   I r
           2 =  II r 
           3 = III r 
           4 =   I l 
           5 =  II l 
           6 = III l 

 lifnei

 ASYMMETRIC TOP REDUCTION 
  ASYMMETRIC TOP PARAMETER KAPPA :  -0.9627974518
  ASYMMETRIC TOP PARAMETER SIGMA :      106.5195166034


 CONSTANTS IN THE A REDUCED HAMILTONIAN 

                   CM-1               MHz
  DELTA J  :   0.0000011616        0.0348236535
  DELTA K  :   0.0000106810        0.3202075542
  DELTA JK :   0.0000950985        2.8509817971
  delta J  :   0.0000001717        0.0051471783
  delta K  :   0.0000246700        0.7395890389


 EFFECTIVE ROTATIONAL CONSTANTS (INCLUDES DISTORTION
 DUE TO THE QUARTIC CENTRIFUGAL DISTORTION CONSTANTS)
           B e IN CM-1            B(A) IN  CM-1            B(A) IN  MHz
 x         1.2967440850            1.2967453418              38875.44734
 y         1.1411118477            1.1411106143              34209.63559
 z         9.5078633092            9.5078632858             285038.57048


 NIELSEN CENTRIFUGAL DISTORTION CONSTANTS 
           CM-1                MHz
 DJ    0.0000011587        0.0347360472
 DJK   0.0000951160        2.8515074350
 DK    0.0000106664        0.3197695227
 dJ    0.0000001717        0.0051471783
 R5   -0.0000120237       -0.3604627376
 R6   -0.0000000015       -0.0000438032

 CONSTANTS IN THE S REDUCED HAMILTONIAN 

               CM-1                 MHz
  D J  :   0.0000010458        0.0313520406
  D JK :   0.0000957933        2.8718114740
  D K  :   0.0000101020        0.3028494901
  d 1  :  -0.0000001717       -0.0051471783
  d 2  :  -0.0000000579       -0.0017358064


 EFFECTIVE ROTATIONAL CONSTANTS (INCLUDES DISTORTION
 DUE TO THE QUARTIC CENTRIFUGAL DISTORTION CONSTANTS)
           B e IN CM-1            B(S) IN  CM-1            B(S) IN  MHz
 x         1.2967440850            1.2966957701              38873.96122
 y         1.1411118477            1.1411597227              34211.10783
 z         9.5078633092            9.5078638648             285038.58784


 WILSON CENTRIFUGAL DISTORTION CONSTANTS 
           CM-1                MHz
 DJ    0.0000008182        0.0245292970
 DJK   0.0000006634        0.0198878625
 DK    0.0000000234        0.0007008505

 NIELSEN CENTRIFUGAL DISTORTION CONSTANTS 
           CM-1                MHz
 DJ    0.0000011587        0.0347360472
 DJK   0.0000951160        2.8515074350
 DK    0.0000106664        0.3197695227
 dJ    0.0000001717        0.0051471783
 R5   -0.0000120237       -0.3604627376
 R6   -0.0000000015       -0.0000438032

 TEST OF QUARTIC PLANARITY RELATIONS 
  A REDUCTION   I r

 4C*DELJ - (B-C)*DELJK - 2*(2A+B+C)*SDELJ + 2*(B-C)*SDELK = 0
 VALUE =        -0.0000091863

 TEST OF QUARTIC PLANARITY RELATIONS 
  S REDUCTION   I r

 4C*DJ - (B-C)*DJK + 2*(2A+B+C)*D1 - 4*(4A+B-3C)*D2 = 0
 VALUE =        -0.0000091863
  *** FILE           30  IS IN SPECTRO 1.x FORMAT ***


   *************************************************
   ***THIRD DERIVATIVES W.R.T. NORMAL COORDINATES***
   *************************************************


   F3(QI*QJ*QK) MATRIX (IN CM-1), IVIB =     1

             1           2           3           4           5           6
  ------------------------------------------------------------------------------
   1       394.306     331.678     203.831     151.912     688.209     172.591
   2       331.678     837.535    1707.027    1311.634    -539.475    -396.610
   3       203.831    1707.027     813.212     496.581     856.942     562.568
   4       151.912    1311.634     496.581    1796.551     193.723     471.073
   5       688.209    -539.475     856.942     193.723    -277.294    -789.418
   6       172.591    -396.610     562.568     471.073    -789.418    -283.308


   F3(QI*QJ*QK) MATRIX (IN CM-1), IVIB =     2

             1           2           3           4           5           6
  ------------------------------------------------------------------------------
   1       331.678     837.535    1707.027    1311.634    -539.475    -396.610
   2       837.535    -893.074   -1949.658    -117.725    -919.137   -1344.368
   3      1707.027   -1949.658   -1165.169    -287.756    1715.284   -1263.159
   4      1311.634    -117.725    -287.756     547.529     801.156    -860.674
   5      -539.475    -919.137    1715.284     801.156    -368.260     477.878
   6      -396.610   -1344.368   -1263.159    -860.674     477.878     145.639


   F3(QI*QJ*QK) MATRIX (IN CM-1), IVIB =     3

             1           2           3           4           5           6
  ------------------------------------------------------------------------------
   1       203.831    1707.027     813.212     496.581     856.942     562.568
   2      1707.027   -1949.658   -1165.169    -287.756    1715.284   -1263.159
   3       813.212   -1165.169    3291.496    1334.995    -126.052   -2393.166
   4       496.581    -287.756    1334.995     434.996     953.508   -1304.932
   5       856.942    1715.284    -126.052     953.508    -278.363    1124.164
   6       562.568   -1263.159   -2393.166   -1304.932    1124.164    1360.034


   F3(QI*QJ*QK) MATRIX (IN CM-1), IVIB =     4

             1           2           3           4           5           6
  ------------------------------------------------------------------------------
   1       151.912    1311.634     496.581    1796.551     193.723     471.073
   2      1311.634    -117.725    -287.756     547.529     801.156    -860.674
   3       496.581    -287.756    1334.995     434.996     953.508   -1304.932
   4      1796.551     547.529     434.996   -1567.780     647.462     261.469
   5       193.723     801.156     953.508     647.462    -445.188     282.315
   6       471.073    -860.674   -1304.932     261.469     282.315    1845.082


   F3(QI*QJ*QK) MATRIX (IN CM-1), IVIB =     5

             1           2           3           4           5           6
  ------------------------------------------------------------------------------
   1       688.209    -539.475     856.942     193.723    -277.294    -789.418
   2      -539.475    -919.137    1715.284     801.156    -368.260     477.878
   3       856.942    1715.284    -126.052     953.508    -278.363    1124.164
   4       193.723     801.156     953.508     647.462    -445.188     282.315
   5      -277.294    -368.260    -278.363    -445.188      94.438   -1123.311
   6      -789.418     477.878    1124.164     282.315   -1123.311    -525.324


   F3(QI*QJ*QK) MATRIX (IN CM-1), IVIB =     6

             1           2           3           4           5           6
  ------------------------------------------------------------------------------
   1       172.591    -396.610     562.568     471.073    -789.418    -283.308
   2      -396.610   -1344.368   -1263.159    -860.674     477.878     145.639
   3       562.568   -1263.159   -2393.166   -1304.932    1124.164    1360.034
   4       471.073    -860.674   -1304.932     261.469     282.315    1845.082
   5      -789.418     477.878    1124.164     282.315   -1123.311    -525.324
   6      -283.308     145.639    1360.034    1845.082    -525.324    3034.828


   THE FOURTH ORDER ANHARMONICITY ANALYSIS

  *** FILE           40  IS IN SPECTRO 1.x FORMAT ***


   **************************************************
   ***FOURTH DERIVATIVES W.R.T. NORMAL COORDINATES***
   **************************************************



   F4(QI*QJ*QK*QL) MATRIX (IN CM-1), IVIB =     1      JVIB =     1

             1           2           3           4           5           6
  ------------------------------------------------------------------------------
   1       571.699    -309.443     428.719     232.430    -844.897    -959.784
   2      -309.443    -256.525     -89.655     297.589    -594.669     138.802
   3       428.719     -89.655      95.048    -189.329     -12.506     -16.754
   4       232.430     297.589    -189.329    -334.844      33.096    -418.628
   5      -844.897    -594.669     -12.506      33.096    -548.849     -30.227
   6      -959.784     138.802     -16.754    -418.628     -30.227     -12.490


   F4(QI*QJ*QK*QL) MATRIX (IN CM-1), IVIB =     2      JVIB =     1

             1           2           3           4           5           6
  ------------------------------------------------------------------------------
   1      -309.443    -256.525     -89.655     297.589    -594.669     138.802
   2      -256.525    -732.132     160.733    -376.635      68.206     503.926
   3       -89.655     160.733     128.158    -261.354      15.757     256.933
   4       297.589    -376.635    -261.354    -260.101      70.819     211.565
   5      -594.669      68.206      15.757      70.819    -177.401      57.466
   6       138.802     503.926     256.933     211.565      57.466    -193.451


   F4(QI*QJ*QK*QL) MATRIX (IN CM-1), IVIB =     2      JVIB =     2

             1           2           3           4           5           6
  ------------------------------------------------------------------------------
   1      -256.525    -732.132     160.733    -376.635      68.206     503.926
   2      -732.132    -964.971    -673.193    -511.189     614.046     178.504
   3       160.733    -673.193     159.700    -298.782     399.268    -164.103
   4      -376.635    -511.189    -298.782     222.583     660.299     417.838
   5        68.206     614.046     399.268     660.299    -170.027     317.829
   6       503.926     178.504    -164.103     417.838     317.829     309.564


   F4(QI*QJ*QK*QL) MATRIX (IN CM-1), IVIB =     3      JVIB =     1

             1           2           3           4           5           6
  ------------------------------------------------------------------------------
   1       428.719     -89.655      95.048    -189.329     -12.506     -16.754
   2       -89.655     160.733     128.158    -261.354      15.757     256.933
   3        95.048     128.158      92.087     627.229    -314.387    -444.516
   4      -189.329    -261.354     627.229     695.136    -196.032      17.905
   5       -12.506      15.757    -314.387    -196.032    -122.552     225.543
   6       -16.754     256.933    -444.516      17.905     225.543     687.351


   F4(QI*QJ*QK*QL) MATRIX (IN CM-1), IVIB =     3      JVIB =     2

             1           2           3           4           5           6
  ------------------------------------------------------------------------------
   1       -89.655     160.733     128.158    -261.354      15.757     256.933
   2       160.733    -673.193     159.700    -298.782     399.268    -164.103
   3       128.158     159.700    -491.152      78.845    -370.051    -137.125
   4      -261.354    -298.782      78.845     122.904    -128.096    -252.398
   5        15.757     399.268    -370.051    -128.096     634.216     193.095
   6       256.933    -164.103    -137.125    -252.398     193.095    -133.524


   F4(QI*QJ*QK*QL) MATRIX (IN CM-1), IVIB =     3      JVIB =     3

             1           2           3           4           5           6
  ------------------------------------------------------------------------------
   1        95.048     128.158      92.087     627.229    -314.387    -444.516
   2       128.158     159.700    -491.152      78.845    -370.051    -137.125
   3        92.087    -491.152    -447.070    -498.709    1012.865    1132.199
   4       627.229      78.845    -498.709    -937.585      87.809     370.860
   5      -314.387    -370.051    1012.865      87.809    -269.041    -377.779
   6      -444.516    -137.125    1132.199     370.860    -377.779     326.767


   F4(QI*QJ*QK*QL) MATRIX (IN CM-1), IVIB =     4      JVIB =     1

             1           2           3           4           5           6
  ------------------------------------------------------------------------------
   1       232.430     297.589    -189.329    -334.844      33.096    -418.628
   2       297.589    -376.635    -261.354    -260.101      70.819     211.565
   3      -189.329    -261.354     627.229     695.136    -196.032      17.905
   4      -334.844    -260.101     695.136    -486.325    -338.452    -123.847
   5        33.096      70.819    -196.032    -338.452    -145.203      34.054
   6      -418.628     211.565      17.905    -123.847      34.054    -385.936


   F4(QI*QJ*QK*QL) MATRIX (IN CM-1), IVIB =     4      JVIB =     2

             1           2           3           4           5           6
  ------------------------------------------------------------------------------
   1       297.589    -376.635    -261.354    -260.101      70.819     211.565
   2      -376.635    -511.189    -298.782     222.583     660.299     417.838
   3      -261.354    -298.782      78.845     122.904    -128.096    -252.398
   4      -260.101     222.583     122.904    1112.346     263.656    -139.841
   5        70.819     660.299    -128.096     263.656     165.240     -70.826
   6       211.565     417.838    -252.398    -139.841     -70.826    -845.284


   F4(QI*QJ*QK*QL) MATRIX (IN CM-1), IVIB =     4      JVIB =     3

             1           2           3           4           5           6
  ------------------------------------------------------------------------------
   1      -189.329    -261.354     627.229     695.136    -196.032      17.905
   2      -261.354    -298.782      78.845     122.904    -128.096    -252.398
   3       627.229      78.845    -498.709    -937.585      87.809     370.860
   4       695.136     122.904    -937.585    -586.658     312.522     170.166
   5      -196.032    -128.096      87.809     312.522     104.430     -59.363
   6        17.905    -252.398     370.860     170.166     -59.363     242.099


   F4(QI*QJ*QK*QL) MATRIX (IN CM-1), IVIB =     4      JVIB =     4

             1           2           3           4           5           6
  ------------------------------------------------------------------------------
   1      -334.844    -260.101     695.136    -486.325    -338.452    -123.847
   2      -260.101     222.583     122.904    1112.346     263.656    -139.841
   3       695.136     122.904    -937.585    -586.658     312.522     170.166
   4      -486.325    1112.346    -586.658    1022.234     115.382    -222.133
   5      -338.452     263.656     312.522     115.382    -230.585     -42.249
   6      -123.847    -139.841     170.166    -222.133     -42.249    -201.537


   F4(QI*QJ*QK*QL) MATRIX (IN CM-1), IVIB =     5      JVIB =     1

             1           2           3           4           5           6
  ------------------------------------------------------------------------------
   1      -844.897    -594.669     -12.506      33.096    -548.849     -30.227
   2      -594.669      68.206      15.757      70.819    -177.401      57.466
   3       -12.506      15.757    -314.387    -196.032    -122.552     225.543
   4        33.096      70.819    -196.032    -338.452    -145.203      34.054
   5      -548.849    -177.401    -122.552    -145.203    -257.230    -340.818
   6       -30.227      57.466     225.543      34.054    -340.818      -0.916


   F4(QI*QJ*QK*QL) MATRIX (IN CM-1), IVIB =     5      JVIB =     2

             1           2           3           4           5           6
  ------------------------------------------------------------------------------
   1      -594.669      68.206      15.757      70.819    -177.401      57.466
   2        68.206     614.046     399.268     660.299    -170.027     317.829
   3        15.757     399.268    -370.051    -128.096     634.216     193.095
