HARMONICS: 3943.98 3833.99 1651.33 0 0 0 0 0 0

ROTATIONAL: 14.5054957 9.2636424 27.6557350

FUND: 3753.156 3656.489 1598.834