
 ************************************************************
                      PROGRAM SPECTRO 
    SPECTROSCOPIC CONSTANTS AND VIBRATIONAL PROPERTIES

             WRITTEN BY:  JEFFREY F. GAW 
                    AND  ANDREW WILLETTS 


  RUNNING IN:  CARTESIAN --> NORMAL --> INTERNAL COORD MODE
 ************************************************************

 NCART    =    1
 ISOTOP   =    0
 NBOND    =    3
 NBEND    =    2
 2*NLBEND =    0
 NOFPB    =    0
 NTORS    =    1
 NDERIV   =    4
 ISYMM    =    0
 ICURVQ   =    0
 IDEGNL   =    0
 IFREQ    =    0
 IPRNT    =    0
 NWFRQ    =    0
 NPROP    =    0
 ICORIL   =    0
 IFERM1   =    0
 IFERM2   =    0
 IROTRN   =    0
 ILSQRS   =    0
 IAVERG   =    1
 IREP     =    0
 IPARMF   =    0
 IPARMD   =    0
 IGEOM    =    0
 ITEMP    =  300
 IDARL    =    0
 MAXJ     =    3
 INORM    =    0
 <>
 ISOTOPE #            1

          --- INPUT GEOMETRY IN BOHR


  GEOMETRY ANALYSIS - 1. INITIAL GEOMETRY
                      2. MOVE TO PRINCIPAL AXES
                      3. ROTATE ATOM TO X-AXIS
                         (SYMMETRIC TOP ONLY)


****************************************
 ORIGINAL COORDINATE REPRESENTATION 
****************************************


   MOLECULAR CARTESIAN GEOMETRY (IN A)

ATOM NO.               X              Y              Z              W
    1              0.0000000      0.0000000     -0.6023938     15.9949146
    2              0.0000000      0.0000000      0.6039062     12.0000000
    3              0.0000000      0.9378842      1.1826745      1.0078250
    4              0.0000000     -0.9378842      1.1826745      1.0078250

   CENTER OF MASS COORDINATES

           CMX            CMY            CMZ
        0.0000000      0.0000000     -0.0001501

   CARTESIAN COORDINATES W.R.T. CENTER OF MASS

ATOM NO.               X              Y              Z              W
    1              0.0000000      0.0000000     -0.6022437     15.9949146
    2              0.0000000      0.0000000      0.6040563     12.0000000
    3              0.0000000      0.9378842      1.1828246      1.0078250
    4              0.0000000     -0.9378842      1.1828246      1.0078250

   INERTIA TENSOR

             1           2           3
  ------------------------------------------
   1    14.7729869
   2     0.0000000  12.9999671
   3     0.0000000   0.0000000   1.7730199

   EIGENVECTORS OF INERTIA TENSOR

              1           2           3
   ------------------------------------------
    1    0.00000000  0.00000000  1.00000000
    2    0.00000000 -1.00000000  0.00000000
    3    1.00000000  0.00000000  0.00000000

   PRINCIPAL MOMENTS OF INERTIA

              IN AMU.A+2        IN G.CM+2         IN CM-1           IN MHZ
                                (*D+39)
   1          0.17730D+01       0.29442D+00       0.95079D+01       0.28504D+06
   2          0.13000D+02       0.21587D+01       0.12967D+01       0.38875D+05
   3          0.14773D+02       0.24532D+01       0.11411D+01       0.34210D+05

**************************************************
 COORDINATE SYSTEM ABOUT PRINCIPAL AXES 
**************************************************


   MOLECULAR PRINCIPAL GEOMETRY (IN A)

ATOM NO.               A              B              C              W
    1             -0.6022437      0.0000000      0.0000000     15.9949146
    2              0.6040563      0.0000000      0.0000000     12.0000000
    3              1.1828246     -0.9378842      0.0000000      1.0078250
    4              1.1828246      0.9378842      0.0000000      1.0078250

   CENTER OF MASS COORDINATES

           CMX            CMY            CMZ
        0.0000000      0.0000000      0.0000000

   INERTIA TENSOR

             1           2           3
  ------------------------------------------
   1     1.7730199
   2     0.0000000  12.9999671
   3     0.0000000   0.0000000  14.7729869

 INTERNUCLEAR DISTANCE MATRIX (IN A)

             1           2           3           4
  ------------------------------------------------------
   1     0.0000000
   2     1.2063000   0.0000000
   3     2.0164562   1.1020887   0.0000000
   4     2.0164562   1.1020887   1.8757684   0.0000000

   BOND ANGLES (CENTRAL ATOM FIRST)

   J   I   K    DEGREES     I   J   K    DEGREES    K   I   J    DEGREES   

   2   1   3    121.679     1   2   3     27.718    3   1   2     30.604
   2   1   4    121.679     1   2   4     27.718    4   1   2     30.604
   3   1   4     62.282     1   3   4     55.435    4   1   3     62.282
   3   2   4     31.679     2   3   4    116.643    4   2   3     31.679
 <>

          ------------------------------------------------------------
                             MEMORY ALLOCATION SCHEME 
          ------------------------------------------------------------

 INTEGER DEFAULT ALLOCATION
   ALLOCATION: BLOCK START-     1   FINISH-   515   TOTAL-   514

 REAL DEFAULT ALLOCATION
   ALLOCATION: BLOCK START-   515   FINISH- 56894   TOTAL- 56379

 CUBIC AND QUARTIC ALLOCATION
   ALLOCATION: BLOCK START- 56894   FINISH- 64743   TOTAL-  7849

   ALLOCATION: BLOCK START- 64743   FINISH- 66283   TOTAL-  1540

 VIBFX ALLOCATION
   ALLOCATION: BLOCK START- 66283   FINISH- 66685   TOTAL-   402

 LTENSR ALLOCATION
   ALLOCATION: BLOCK START- 66283   FINISH- 66936   TOTAL-   653

 SQHAMP ALLOCATION
   ALLOCATION: BLOCK START- 66283   FINISH- 66391   TOTAL-   108

 UMATRX ALLOCATION
   ALLOCATION: BLOCK START- 66283   FINISH- 66817   TOTAL-   534

 ZETA ALLOCATION
   ALLOCATION: BLOCK START- 66283   FINISH- 66541   TOTAL-   258

 TRNSFM ALLOCATION
   ALLOCATION: BLOCK START- 66936   FINISH- 68420   TOTAL-  1484

 FORCE3/FORCE4 ALLOCATION
   ALLOCATION: BLOCK START- 68420   FINISH- 68978   TOTAL-   558

 XCALC/XCALS ALLOCATION
   ALLOCATION: BLOCK START- 68420   FINISH- 68441   TOTAL-    21

 ROTA/ROTS ALLOCATION
   ALLOCATION: BLOCK START- 68420   FINISH- 68672   TOTAL-   252

 INTEN ALLOCATION
   ALLOCATION: BLOCK START- 68978   FINISH- 68978   TOTAL-     0

 DIPTRN ALLOCATION
   ALLOCATION: BLOCK START- 68978   FINISH- 70119   TOTAL-  1141

 ATUNIT ALLOCATION
   ALLOCATION: BLOCK START- 70119   FINISH- 76603   TOTAL-  6484

 ITERATE ALLOCATION
   ALLOCATION: BLOCK START- 76603   FINISH- 99817   TOTAL- 23214

 RAMANQ ALLOCATION
   ALLOCATION: BLOCK START- 99817   FINISH- 99817   TOTAL-     0

 INTENR ALLOCATION
   ALLOCATION: BLOCK START- 99817   FINISH- 99817   TOTAL-     0

 HRAMAN ALLOCATION
   ALLOCATION: BLOCK START- 99817   FINISH- 99817   TOTAL-     0

 3RD DERIVATIVE TRANSFORM
   ALLOCATION: BLOCK START- 99817   FINISH-106145   TOTAL-  6328

 FOURTH DERIVATIVE TRANSFORM
   ALLOCATION: BLOCK START-106145   FINISH-138023   TOTAL- 31878

 ICURVQ ALLOCATION
   ALLOCATION: BLOCK START-138023   FINISH-138501   TOTAL-   478

 LSQRS ALLOCATION
   ALLOCATION: BLOCK START-138501   FINISH-139629   TOTAL-  1128

 TMATRX ALLOCATION
   ALLOCATION: BLOCK START-139629   FINISH-139755   TOTAL-   126

 SEXTIC ALLOCATION
   ALLOCATION: BLOCK START-139755   FINISH-139953   TOTAL-   198

 WCALS ALLOCATION
   ALLOCATION: BLOCK START-139953   FINISH-139989   TOTAL-    36


   INTEGER MEMORY REQUIRED -     515 Word   ALLOCATED - 3500000 Word


   REAL MEMORY REQUIRED    -  139475 Word   ALLOCATED -******** Word

  *** FILE           15  IS IN SPECTRO 1.x FORMAT ***


   THE NORMAL COORDINATE ANALYSIS BY FX MATRIX METHOD



   SECULAR EQUATIONS
   FXM MATRIX

             1           2           3           4           5           6           7           8           9          10
  ------------------------------------------------------------------------------------------------------------------------------
   1     0.4387796
   2    -0.1117426  -0.2029266
   3    -0.0795840  -0.3930912  -0.0561835
   4     0.1327843   0.2753693  -0.3705079   0.3947452
   5    -0.1942281   0.3113078  -0.1157180  -0.1360429  -0.5603316
   6    -0.4640485   0.3387078   0.1595749   0.1782673  -0.5977080   0.4122928
   7    -1.8131609   0.2395000   1.4921358   0.5694715   1.0063675  -0.4894713   5.6765576
   8     0.6197717  -0.1876972  -0.4446140  -1.7394509  -0.9293522   1.5072892  -1.0288156  -2.4375742
   9    -0.5480139  -0.9525500   0.2816743   0.4269553  -0.8525675   0.2140104   3.9990945   5.4472876  -3.1949618
  10     1.3248890   1.8029728  -1.0792228  -0.2852953   0.5560185   0.0569283   7.3606552  -5.4087902   2.7221929   7.1936356
  11    -1.0767811   0.6438095  -0.9981161  -1.2473156  -1.5289952   0.9631406   6.8083297   1.0360073  -6.0700520  -6.3801543
  12    -0.9950864   0.3201769   1.8156207  -1.9540971  -1.3794800  -1.7219969  -6.0617609   7.4697482  -5.7489505  -1.7685753


            11          12
  ------------------------------
  11     3.5114084
  12    -3.2460829   0.5436948


   *****************************
   ***VIBRATIONAL FREQUENCIES***
   *****************************
 TOO MANY NEGATIVE FREQUENCIES
 TOO MANY NEGATIVE FREQUENCIES
 TOO MANY NEGATIVE FREQUENCIES
 TOO MANY NEGATIVE FREQUENCIES
 TOO MANY NEGATIVE FREQUENCIES
 
 IMAGINARY FREQUENCY FOUND - TRANSITION STATE
 


   LXM MATRIX

             1           2           3           4           5           6           7           8           9          10
           5764.60     4724.45     2917.15     2484.36     1519.33     5320.25      148.77      770.87     1181.23     2140.61
  ------------------------------------------------------------------------------------------------------------------------------
   1     0.0074073   0.1382987   0.1532965  -0.1157347   0.2604771   0.0878821   0.4070132   0.0521896   0.3508356  -0.1167229
   2    -0.0486178   0.0055416   0.1510873   0.2792927   0.4075603   0.0124865  -0.0445030   0.3101652   0.5451918   0.4763810
   3     0.0206047   0.0118630  -0.1946701   0.1673519  -0.4550051  -0.0604200   0.7385557  -0.1503159   0.1869980   0.2084347
   4    -0.0824568   0.0237819   0.2000330  -0.4545483  -0.1243764   0.0043371   0.1824856   0.6118870   0.1269327  -0.4331162
   5    -0.0788832   0.0452929   0.1662707   0.0014910  -0.2879273   0.0778309  -0.3393660  -0.4547942   0.6506795  -0.3335395
   6    -0.0047443  -0.0762134  -0.1405624  -0.2389160   0.5955074   0.0778609   0.3093979  -0.4667218  -0.0228416  -0.2556859
   7    -0.5820134  -0.3665107  -0.3254398   0.2074181  -0.1243672  -0.0520723   0.0256956   0.1276893   0.0917845  -0.1942049
   8     0.2730436  -0.0188591  -0.6189601   0.0284265   0.1722479  -0.5440545  -0.1331523   0.1530833   0.2326889  -0.2024448
   9    -0.2132040   0.1750208  -0.5510388  -0.3596989  -0.0145564   0.5949594  -0.1414658   0.0655805   0.1001688   0.2513685
  10    -0.5868562   0.4278384   0.0554002   0.3702060   0.2090543  -0.0737144   0.0432889   0.0015258  -0.1765702  -0.2079707
  11     0.0085374  -0.7604207   0.0884869   0.1666512   0.1299348   0.2832568   0.0327428   0.0498080  -0.0175175  -0.0944374
  12     0.4253131   0.2137127  -0.1574606   0.5280705  -0.0089935   0.4878317   0.0367349   0.1813375  -0.0246636  -0.3971430


            11          12
           4340.03     1019.58
  ------------------------------
   1    -0.1139529   0.7418046
   2    -0.0630702  -0.3227673
   3     0.2022120  -0.1883854
   4     0.1097750  -0.3272016
   5     0.1137345  -0.0744512
   6    -0.1335832  -0.3991757
   7    -0.5430038   0.0431321
   8     0.2638324   0.0980184
   9     0.1897450   0.0562111
  10     0.4549387   0.0045428
  11     0.5114787   0.1207425
  12    -0.1739920  -0.0942656


   LX MATRIX

             1           2           3           4           5           6           7           8           9          10
           5764.60     4724.45     2917.15     2484.36     1519.33     5320.25      148.77      770.87     1181.23     2140.61
  ------------------------------------------------------------------------------------------------------------------------------
   1     0.0018521   0.0345802   0.0383302  -0.0289383   0.0651296   0.0219740   0.1017695   0.0130495   0.0877228  -0.0291854
   2    -0.0121564   0.0013856   0.0377778   0.0698343   0.1019063   0.0031221  -0.0111275   0.0775536   0.1363196   0.1191142
   3     0.0051520   0.0029662  -0.0486752   0.0418446  -0.1137694  -0.0151074   0.1846683  -0.0375849   0.0467569   0.0521170
   4    -0.0238032   0.0068652   0.0577446  -0.1312168  -0.0359044   0.0012520   0.0526791   0.1766366   0.0366423  -0.1250299
   5    -0.0227716   0.0130749   0.0479982   0.0004304  -0.0831174   0.0224679  -0.0979665  -0.1312878   0.1878350  -0.0962846
   6    -0.0013696  -0.0220009  -0.0405769  -0.0689691   0.1719082   0.0224765   0.0893155  -0.1347310  -0.0065938  -0.0738102
   7    -0.5797496  -0.3650851  -0.3241739   0.2066113  -0.1238834  -0.0518698   0.0255956   0.1271927   0.0914275  -0.1934495
   8     0.2719816  -0.0187857  -0.6165526   0.0283159   0.1715779  -0.5419383  -0.1326344   0.1524878   0.2317838  -0.2016573
   9    -0.2123747   0.1743401  -0.5488954  -0.3582998  -0.0144998   0.5926452  -0.1409156   0.0653254   0.0997792   0.2503908
  10    -0.5845735   0.4261743   0.0551847   0.3687660   0.2082412  -0.0734277   0.0431205   0.0015198  -0.1758834  -0.2071618
  11     0.0085041  -0.7574629   0.0881428   0.1660030   0.1294294   0.2821551   0.0326155   0.0496142  -0.0174493  -0.0940701
  12     0.4236587   0.2128814  -0.1568481   0.5260165  -0.0089585   0.4859342   0.0365921   0.1806321  -0.0245676  -0.3955982


            11          12
           4340.03     1019.58
  ------------------------------
   1    -0.0284928   0.1854806
   2    -0.0157701  -0.0807046
   3     0.0505610  -0.0471038
   4     0.0316893  -0.0944550
   5     0.0328323  -0.0214922
   6    -0.0385622  -0.1152321
   7    -0.5408917   0.0429643
   8     0.2628062   0.0976371
   9     0.1890069   0.0559925
  10     0.4531691   0.0045251
  11     0.5094892   0.1202728
  12    -0.1733152  -0.0938990

 ******************************** 
 CURVILINEAR INTERNAL COORDINATES 
 ******************************** 

 INT COORD NO.    DESCRIPTION           VALUE      ATOMS 

     ( 1)        BOND                        1.20630       1(O )     2(C )
     ( 2)        BOND                        1.10209       2(C )     3(H )
     ( 3)        BOND                        1.10209       2(C )     4(H )
     ( 4)        ANGLE                     121.67873       2(C )     1(O )     3(H )
     ( 5)        ANGLE                     121.67873       2(C )     1(O )     4(H )
     ( 6)        TORSION                     0.00000       1(O )     2(C )     3(H )     4(H )
 I OPTDL            1  0.120874653126687     
 I OPTDL            2 -0.153288100942190     
 I OPTDL            3 -0.151996015678142     
 I OPTDL            4  0.118361326250525     
 I OPTDL            5  4.328562571489700E-002
 I OPTDL            6  0.190044476030336     
 I OPTDL            7 -3.643069431013947E-002
 I OPTDL            8 -0.314772191288909     
 I OPTDL            9 -2.806169625311039E-002
 I OPTDL           10 -0.130185484148872     
 I OPTDL           11  0.149885508460588     
 I OPTDL           12  1.835958780523302E-002
 I OPTDL           13 -0.193419081803239     
 I OPTDL           14 -0.103323947688357     
 I OPTDL           15  0.134232490751382     
 I OPTDL           16  0.259060668291678     
 I OPTDL           17  0.107664515432141     
 I OPTDL           18  0.170052076184920     
 I OPTDL           19 -0.119524220595872     
 I OPTDL           20  0.205298499548933     
 I OPTDL           21  1.228699316106022E-002
 I OPTDL           22 -3.255039084667335E-002
 I OPTDL           23 -4.445770051318956E-002
 I OPTDL           24 -0.172358185213522     
 I OPTDL           25  3.525097808448954E-002
 I OPTDL           26 -0.325928132786313     
 I OPTDL           27  4.226227825442518E-002
 I OPTDL           28  6.576374240286940E-002
 I OPTDL           29 -0.141047719228233     
 I OPTDL           30 -5.175562643541016E-002
 I OPTDL           31  0.129303973087147     
 I OPTDL           32  5.294167792183945E-002
 I OPTDL           33 -0.128610761285214     
 I OPTDL           34  6.510108289511862E-002
 I OPTDL           35  3.133194012221339E-003
 I OPTDL           36 -0.212042146801334     
 I OPTDL           37  0.140726813921799     
 I OPTDL           38  0.289086621480345     
 I OPTDL           39  0.250289571058279     
 I OPTDL           40  3.011449662878082E-002
 I OPTDL           41  0.529241919445831     
 I OPTDL           42  1.851880235877552E-002
 I OPTDL           43  5.630279342966677E-002
 I OPTDL           44  0.162372201943848     
 I OPTDL           45 -3.256318010254677E-002
 I OPTDL           46 -0.271135295456415     
 I OPTDL           47 -0.122552535603674     
 I OPTDL           48  0.143930412360761     
 I OPTDL           49  3.835715687356975E-004
 I OPTDL           50 -9.768590286598304E-002
 I OPTDL           51  0.462812341384902     
 I OPTDL           52  0.268312116812998     
 I OPTDL           53 -0.289229446799372     
 I OPTDL           54 -0.209828413221178     
 I OPTDL           55  0.121537107467429     
 I OPTDL           56  2.460898475799173E-003

 FIRST DERIVATIVE OF THE L TENSOR :
 ROWS ARE INT COORDS AND COLUMNS ARE NORMAL COORDS

              1           2           3           4           5           6
   ------------------------------------------------------------------------------
    1   -0.02565533 -0.02771493  0.01941434 -0.10227850 -0.10103398 -0.02072202
    2   -0.54279523 -0.16821827  0.36497007  0.15368163 -0.26294999  0.45241586
    3   -0.26787590 -0.43552983  0.03281893  0.40347212  0.30909310  0.18177694
    4   -0.28003569 -0.31208309 -0.62004547  0.33168486  0.20681064 -0.32600149
    5   -0.45671620  0.70063908 -0.01263337  0.24964311 -0.06613853 -0.16537200
    6   -0.22361951 -0.46207961  0.64194463 -0.41823307  0.65112479 -1.01268034

******************************************
 MEAN SQUARE HARMONIC AMPLITUDES AT 30 K
******************************************


 MATRIX OF MEAN SQUARE AMPLITUDES BETWEEN INTERNAL
 COORDINATES: BONDS IN A, ANGLES IN RADS 

              1           2           3           4           5           6
   ------------------------------------------------------------------------------
    1    0.00019245  0.00025671 -0.00057160 -0.00045832 -0.00012469 -0.00023868
    2    0.00025671  0.00330829  0.00053537 -0.00140073  0.00049399 -0.00180129
    3   -0.00057160  0.00053537  0.00316225  0.00201633 -0.00037206  0.00151977
    4   -0.00045832 -0.00140073  0.00201633  0.00435636  0.00021999 -0.00000361
    5   -0.00012469  0.00049399 -0.00037206  0.00021999  0.00292058 -0.00155905
    6   -0.00023868 -0.00180129  0.00151977 -0.00000361 -0.00155905  0.01242993

******************************************
 MEAN SQUARE HARMONIC AMPLITUDES AT 300 K
******************************************


 MATRIX OF MEAN SQUARE AMPLITUDES BETWEEN INTERNAL
 COORDINATES: BONDS IN A, ANGLES IN RADS 

              1           2           3           4           5           6
   ------------------------------------------------------------------------------
    1    0.00019260  0.00025712 -0.00057208 -0.00045864 -0.00012459 -0.00023967
    2    0.00025712  0.00330934  0.00053414 -0.00140156  0.00049426 -0.00180389
    3   -0.00057208  0.00053414  0.00316372  0.00201732 -0.00037236  0.00152281
    4   -0.00045864 -0.00140156  0.00201732  0.00435703  0.00021979 -0.00000158
    5   -0.00012459  0.00049426 -0.00037236  0.00021979  0.00292065 -0.00155971
    6   -0.00023967 -0.00180389  0.00152281 -0.00000158 -0.00155971  0.01243639

 ZETA MATRIX FOR COORDINATE DIRECTION :   1

              1           2           3           4           5           6
   ------------------------------------------------------------------------------
    1    0.00000000  0.37454480 -0.30317323 -0.15356094 -0.05720819 -0.07294524
    2   -0.37454480  0.00000000  0.22298294 -0.44845630 -0.05313032 -0.33851704
    3    0.30317323 -0.22298294  0.00000000  0.35141123  0.19272691 -0.56309460
    4    0.15356094  0.44845630 -0.35141123  0.00000000 -0.27175808 -0.24731838
    5    0.05720819  0.05313032 -0.19272691  0.27175808  0.00000000  0.07278430
    6    0.07294524  0.33851704  0.56309460  0.24731838 -0.07278430  0.00000000

 ZETA MATRIX FOR COORDINATE DIRECTION :   2

              1           2           3           4           5           6
   ------------------------------------------------------------------------------
    1    0.00000000  0.48375450 -0.32810992  0.19261489  0.16011031  0.62096964
    2   -0.48375450  0.00000000 -0.16287409 -0.22653514  0.08275691 -0.00830527
    3    0.32810992  0.16287409  0.00000000 -0.21034474 -0.05122056  0.18286820
    4   -0.19261489  0.22653514  0.21034474  0.00000000  0.45281265 -0.28212972
    5   -0.16011031 -0.08275691  0.05122056 -0.45281265  0.00000000 -0.03855096
    6   -0.62096964  0.00830527 -0.18286820  0.28212972  0.03855096  0.00000000

 ZETA MATRIX FOR COORDINATE DIRECTION :   3

              1           2           3           4           5           6
   ------------------------------------------------------------------------------
    1    0.00000000  0.55856074  0.40734147 -0.21367680 -0.11471765  0.16355289
    2   -0.55856074  0.00000000  0.31564343  0.40619564  0.20279171  0.26644836
    3   -0.40734147 -0.31564343  0.00000000  0.23178353 -0.15812680  0.17052544
    4    0.21367680 -0.40619564 -0.23178353  0.00000000  0.06367020 -0.05559290
    5    0.11471765 -0.20279171  0.15812680 -0.06367020  0.00000000  0.10442962
    6   -0.16355289 -0.26644836 -0.17052544  0.05559290 -0.10442962  0.00000000

 THE WILSON A MATRIX IN AMU 1/2 A 
 (ROWS ARE VIB DEG OF FREEDOM, AND COLS COORD PRODUCTS),

              1           2           3           4           5           6
   ------------------------------------------------------------------------------
    1   -0.49808997 -0.57279565 -3.15669897 -0.38462329 -1.20238717 -3.65478895
    2   -1.39642966  1.68784439 -0.42103605 -0.54709693 -0.07286031 -1.81746571
    3    1.33218873  1.29178186 -0.54262769  1.33310146 -0.74114441  0.78956104
    4    0.26028996  0.87587720  0.02701145  1.40617075 -1.67175244  0.28730141
    5   -0.07967946  2.45062575 -1.57416165 -4.62812811 -0.01047546 -1.65384111
    6    1.55790428  0.35379034 -0.70392268 -3.18840994  0.20173143  0.85398160

 THE INVERSE L MATRIX

              1           2           3           4           5           6
   ------------------------------------------------------------------------------
    1  ************ 55.28699060-83.22665154 30.78853715-28.41644182  9.69494894
    2  111.45177289-25.33471452 36.86199972-14.41171606 13.27338687 -4.51028449
    3  ************ 50.67307369-74.48294341 27.21239582-24.93676749  9.24838188
    4  ************105.08906079************ 58.77485449-51.97081618 18.35831165
    5  398.32457106-89.48816857132.77732836-50.04828056 44.34156386-15.42553730
    6  313.61299728-69.46611879103.92239695-39.42603462 34.38487894-12.70778393

 THE WILSON J MATRIX 
 DERIVATIVE OF THE MOMENT OF INERITA WITH RESPECT TO INT/SYMM COORDS
 (ROWS ARE INTERNAL/SYMMETRY COORD AND COLS COORD PRODUCTS),

              1           2           3           4           5           6
   ------------------------------------------------------------------------------
    1    0.00000000708.91078773 19.26567271************************ 19.26567271
    2    1.60878141************  1.25205576843.57056438************  2.86083717
    3    1.60878141239.65749921  1.25205576************432.06381715  2.86083717
    4   -1.09413045-91.92639507  2.23606655472.30319777************  1.14193609
    5   -1.09413045 81.77692502  2.23606655************145.03655870  1.14193609
    6    0.00000000-27.43747446  0.00000000148.79159929-51.27537002  0.00000000

                 ************* ERROR IN SUM RULES *************
                           SEE ERROR FILE FOR DETAILS

 QUARTIC CENTRIFUGAL DISTORTION CONSTANTS TAU PRIME 

                       CM -1                    MHz


 TAUP aaaa         -0.0007813553           -23.4244432801
 TAUP bbbb         -0.0000009620            -0.0288407796
 TAUP cccc         -0.0000007434            -0.0222857324

 TAUP aabb         -0.0002212798            -6.6338029844
 TAUP aacc         -0.0005805152           -17.4034071421
 TAUP bbcc         -0.0000013325            -0.0399477259

 REPRESENTATION =     1
 WHERE :   1 =   I r
           2 =  II r 
           3 = III r 
           4 =   I l 
           5 =  II l 
           6 = III l 

 lifnei

 ASYMMETRIC TOP REDUCTION 
  ASYMMETRIC TOP PARAMETER KAPPA :  -0.9627974518
  ASYMMETRIC TOP PARAMETER SIGMA :      106.5195166034


 CONSTANTS IN THE A REDUCED HAMILTONIAN 

                   CM-1               MHz
  DELTA J  :   0.0000002132        0.0063908140
  DELTA K  :  -0.0000050167       -0.1503970151
  DELTA JK :   0.0002001424        6.0001170211
  delta J  :   0.0000000137        0.0004096904
  delta K  :  -0.0000513068       -1.5381385574


 EFFECTIVE ROTATIONAL CONSTANTS (INCLUDES DISTORTION
 DUE TO THE QUARTIC CENTRIFUGAL DISTORTION CONSTANTS)
           B e IN CM-1            B(A) IN  CM-1            B(A) IN  MHz
 x         1.2967440850            1.2967311876              38875.02301
 y         1.1411118477            1.1411245051              34210.05203
 z         9.5078633092            9.5078635491             285038.57837


 NIELSEN CENTRIFUGAL DISTORTION CONSTANTS 
           CM-1                MHz
 DJ    0.0000002432        0.0072898434
 DJK   0.0001999624        5.9947228449
 DK   -0.0000048668       -0.1459018682
 dJ    0.0000000137        0.0004096904
 R5    0.0000224590        0.6733051051
 R6    0.0000000150        0.0004495147

 CONSTANTS IN THE S REDUCED HAMILTONIAN 

               CM-1                 MHz
  D J  :   0.0000004540        0.0136107987
  D JK :   0.0001986974        5.9567971130
  D K  :  -0.0000038125       -0.1142970916
  d 1  :  -0.0000000137       -0.0004096904
  d 2  :   0.0000001204        0.0036099923


 EFFECTIVE ROTATIONAL CONSTANTS (INCLUDES DISTORTION
 DUE TO THE QUARTIC CENTRIFUGAL DISTORTION CONSTANTS)
           B e IN CM-1            B(S) IN  CM-1            B(S) IN  MHz
 x         1.2967440850            1.2968342829              38878.11373
 y         1.1411118477            1.1410223732              34206.99019
 z         9.5078633092            9.5078623449             285038.54227


 WILSON CENTRIFUGAL DISTORTION CONSTANTS 
           CM-1                MHz
 DJ    0.0000001858        0.0055714331
 DJK   0.0000002946        0.0088309967
 DK   -0.0000002399       -0.0071922349

 NIELSEN CENTRIFUGAL DISTORTION CONSTANTS 
           CM-1                MHz
 DJ    0.0000002432        0.0072898434
 DJK   0.0001999624        5.9947228449
 DK   -0.0000048668       -0.1459018682
 dJ    0.0000000137        0.0004096904
 R5    0.0000224590        0.6733051051
 R6    0.0000000150        0.0004495147

 TEST OF QUARTIC PLANARITY RELATIONS 
  A REDUCTION   I r

 4C*DELJ - (B-C)*DELJK - 2*(2A+B+C)*SDELJ + 2*(B-C)*SDELK = 0
 VALUE =        -0.0000467319

 TEST OF QUARTIC PLANARITY RELATIONS 
  S REDUCTION   I r

 4C*DJ - (B-C)*DJK + 2*(2A+B+C)*D1 - 4*(4A+B-3C)*D2 = 0
 VALUE =        -0.0000467319
  *** FILE           30  IS IN SPECTRO 1.x FORMAT ***


   *************************************************
   ***THIRD DERIVATIVES W.R.T. NORMAL COORDINATES***
   *************************************************


   F3(QI*QJ*QK) MATRIX (IN CM-1), IVIB =     1

             1           2           3           4           5           6
  ------------------------------------------------------------------------------
   1         3.751    -482.897    -108.665      -6.630     185.657   -1226.001
   2      -482.897    -286.218     162.252     670.841     469.143     235.561
   3      -108.665     162.252    -399.066     385.450     321.749    -208.679
   4        -6.630     670.841     385.450    -136.745    -770.487     743.349
   5       185.657     469.143     321.749    -770.487    -134.301    1106.327
   6     -1226.001     235.561    -208.679     743.349    1106.327   -1281.278


   F3(QI*QJ*QK) MATRIX (IN CM-1), IVIB =     2

             1           2           3           4           5           6
  ------------------------------------------------------------------------------
   1      -482.897    -286.218     162.252     670.841     469.143     235.561
   2      -286.218     203.479    -525.740      55.928    -483.423     300.848
   3       162.252    -525.740   -1647.781    -380.623    1207.537    -519.170
   4       670.841      55.928    -380.623   -2938.131    -134.292    1480.437
   5       469.143    -483.423    1207.537    -134.292    -226.977     539.431
   6       235.561     300.848    -519.170    1480.437     539.431    1192.186


   F3(QI*QJ*QK) MATRIX (IN CM-1), IVIB =     3

             1           2           3           4           5           6
  ------------------------------------------------------------------------------
   1      -108.665     162.252    -399.066     385.450     321.749    -208.679
   2       162.252    -525.740   -1647.781    -380.623    1207.537    -519.170
   3      -399.066   -1647.781     961.199     913.146     350.177     347.830
   4       385.450    -380.623     913.146    1919.220    -466.246    1005.423
   5       321.749    1207.537     350.177    -466.246    -367.840     522.422
   6      -208.679    -519.170     347.830    1005.423     522.422    -160.290


   F3(QI*QJ*QK) MATRIX (IN CM-1), IVIB =     4

             1           2           3           4           5           6
  ------------------------------------------------------------------------------
   1        -6.630     670.841     385.450    -136.745    -770.487     743.349
   2       670.841      55.928    -380.623   -2938.131    -134.292    1480.437
   3       385.450    -380.623     913.146    1919.220    -466.246    1005.423
   4      -136.745   -2938.131    1919.220    3493.150    1585.939    -654.341
   5      -770.487    -134.292    -466.246    1585.939     808.128    -422.261
   6       743.349    1480.437    1005.423    -654.341    -422.261     302.642


   F3(QI*QJ*QK) MATRIX (IN CM-1), IVIB =     5

             1           2           3           4           5           6
  ------------------------------------------------------------------------------
   1       185.657     469.143     321.749    -770.487    -134.301    1106.327
   2       469.143    -483.423    1207.537    -134.292    -226.977     539.431
   3       321.749    1207.537     350.177    -466.246    -367.840     522.422
   4      -770.487    -134.292    -466.246    1585.939     808.128    -422.261
   5      -134.301    -226.977    -367.840     808.128      93.743      52.872
   6      1106.327     539.431     522.422    -422.261      52.872     198.890


   F3(QI*QJ*QK) MATRIX (IN CM-1), IVIB =     6

             1           2           3           4           5           6
  ------------------------------------------------------------------------------
   1     -1226.001     235.561    -208.679     743.349    1106.327   -1281.278
   2       235.561     300.848    -519.170    1480.437     539.431    1192.186
   3      -208.679    -519.170     347.830    1005.423     522.422    -160.290
   4       743.349    1480.437    1005.423    -654.341    -422.261     302.642
   5      1106.327     539.431     522.422    -422.261      52.872     198.890
   6     -1281.278    1192.186    -160.290     302.642     198.890   -1003.465


   THE FOURTH ORDER ANHARMONICITY ANALYSIS

  *** FILE           40  IS IN SPECTRO 1.x FORMAT ***


   **************************************************
   ***FOURTH DERIVATIVES W.R.T. NORMAL COORDINATES***
   **************************************************



   F4(QI*QJ*QK*QL) MATRIX (IN CM-1), IVIB =     1      JVIB =     1

             1           2           3           4           5           6
  ------------------------------------------------------------------------------
   1       282.691     -33.752     104.652    1262.748     892.208    -139.268
   2       -33.752     -22.873    -447.864    -153.592      28.710    -241.856
   3       104.652    -447.864     360.348     346.379      55.738    -125.569
   4      1262.748    -153.592     346.379    -184.495     640.969    -265.198
   5       892.208      28.710      55.738     640.969     364.940     -95.763
   6      -139.268    -241.856    -125.569    -265.198     -95.763    -170.168


   F4(QI*QJ*QK*QL) MATRIX (IN CM-1), IVIB =     2      JVIB =     1

             1           2           3           4           5           6
  ------------------------------------------------------------------------------
   1       -33.752     -22.873    -447.864    -153.592      28.710    -241.856
   2       -22.873     685.027    -264.704      24.233    -170.712     116.018
   3      -447.864    -264.704     798.624     732.629     191.195     102.163
   4      -153.592      24.233     732.629    -243.408      91.206    -179.741
   5        28.710    -170.712     191.195      91.206     195.589      -0.774
   6      -241.856     116.018     102.163    -179.741      -0.774     -35.298


   F4(QI*QJ*QK*QL) MATRIX (IN CM-1), IVIB =     2      JVIB =     2

             1           2           3           4           5           6
  ------------------------------------------------------------------------------
   1       -22.873     685.027    -264.704      24.233    -170.712     116.018
   2       685.027     463.492       2.245     247.478    -307.952     374.938
   3      -264.704       2.245    -200.162    -387.177    -296.674      64.637
   4        24.233     247.478    -387.177     148.140     130.455    -215.299
   5      -170.712    -307.952    -296.674     130.455     481.716    -251.020
   6       116.018     374.938      64.637    -215.299    -251.020     203.276


   F4(QI*QJ*QK*QL) MATRIX (IN CM-1), IVIB =     3      JVIB =     1

             1           2           3           4           5           6
  ------------------------------------------------------------------------------
   1       104.652    -447.864     360.348     346.379      55.738    -125.569
   2      -447.864    -264.704     798.624     732.629     191.195     102.163
   3       360.348     798.624    -468.549    -497.132     240.436    -314.371
   4       346.379     732.629    -497.132     905.829     -94.341     194.564
   5        55.738     191.195     240.436     -94.341      18.906    -100.238
   6      -125.569     102.163    -314.371     194.564    -100.238     390.842


   F4(QI*QJ*QK*QL) MATRIX (IN CM-1), IVIB =     3      JVIB =     2

             1           2           3           4           5           6
  ------------------------------------------------------------------------------
   1      -447.864    -264.704     798.624     732.629     191.195     102.163
   2      -264.704       2.245    -200.162    -387.177    -296.674      64.637
   3       798.624    -200.162    1624.732      47.298    -487.292     358.704
   4       732.629    -387.177      47.298    -527.721    -215.845      94.175
   5       191.195    -296.674    -487.292    -215.845     -22.286     152.391
   6       102.163      64.637     358.704      94.175     152.391   -1144.862


   F4(QI*QJ*QK*QL) MATRIX (IN CM-1), IVIB =     3      JVIB =     3

             1           2           3           4           5           6
  ------------------------------------------------------------------------------
   1       360.348     798.624    -468.549    -497.132     240.436    -314.371
   2       798.624    -200.162    1624.732      47.298    -487.292     358.704
   3      -468.549    1624.732     915.744      64.090     218.100   -1575.225
   4      -497.132      47.298      64.090    -311.419    -109.134     178.499
   5       240.436    -487.292     218.100    -109.134     709.304      39.435
   6      -314.371     358.704   -1575.225     178.499      39.435     138.777


   F4(QI*QJ*QK*QL) MATRIX (IN CM-1), IVIB =     4      JVIB =     1

             1           2           3           4           5           6
  ------------------------------------------------------------------------------
   1      1262.748    -153.592     346.379    -184.495     640.969    -265.198
   2      -153.592      24.233     732.629    -243.408      91.206    -179.741
   3       346.379     732.629    -497.132     905.829     -94.341     194.564
   4      -184.495    -243.408     905.829    1276.047     785.354     -57.292
   5       640.969      91.206     -94.341     785.354     572.595    -154.041
   6      -265.198    -179.741     194.564     -57.292    -154.041     437.460


   F4(QI*QJ*QK*QL) MATRIX (IN CM-1), IVIB =     4      JVIB =     2

             1           2           3           4           5           6
  ------------------------------------------------------------------------------
   1      -153.592      24.233     732.629    -243.408      91.206    -179.741
   2        24.233     247.478    -387.177     148.140     130.455    -215.299
   3       732.629    -387.177      47.298    -527.721    -215.845      94.175
   4      -243.408     148.140    -527.721     896.395     103.815    -778.877
   5        91.206     130.455    -215.845     103.815    -252.994      10.569
   6      -179.741    -215.299      94.175    -778.877      10.569    -496.984


   F4(QI*QJ*QK*QL) MATRIX (IN CM-1), IVIB =     4      JVIB =     3

             1           2           3           4           5           6
  ------------------------------------------------------------------------------
   1       346.379     732.629    -497.132     905.829     -94.341     194.564
   2       732.629    -387.177      47.298    -527.721    -215.845      94.175
   3      -497.132      47.298      64.090    -311.419    -109.134     178.499
   4       905.829    -527.721    -311.419    -636.037     409.009    -614.809
   5       -94.341    -215.845    -109.134     409.009     916.276    -291.950
   6       194.564      94.175     178.499    -614.809    -291.950    -329.209


   F4(QI*QJ*QK*QL) MATRIX (IN CM-1), IVIB =     4      JVIB =     4

             1           2           3           4           5           6
  ------------------------------------------------------------------------------
   1      -184.495    -243.408     905.829    1276.047     785.354     -57.292
   2      -243.408     148.140    -527.721     896.395     103.815    -778.877
   3       905.829    -527.721    -311.419    -636.037     409.009    -614.809
   4      1276.047     896.395    -636.037    1237.047    -823.829    -321.107
   5       785.354     103.815     409.009    -823.829     132.270    -880.203
   6       -57.292    -778.877    -614.809    -321.107    -880.203    -642.148


   F4(QI*QJ*QK*QL) MATRIX (IN CM-1), IVIB =     5      JVIB =     1

             1           2           3           4           5           6
  ------------------------------------------------------------------------------
   1       892.208      28.710      55.738     640.969     364.940     -95.763
   2        28.710    -170.712     191.195      91.206     195.589      -0.774
   3        55.738     191.195     240.436     -94.341      18.906    -100.238
   4       640.969      91.206     -94.341     785.354     572.595    -154.041
   5       364.940     195.589      18.906     572.595    -171.438     349.941
   6       -95.763      -0.774    -100.238    -154.041     349.941    -548.993


   F4(QI*QJ*QK*QL) MATRIX (IN CM-1), IVIB =     5      JVIB =     2

             1           2           3           4           5           6
  ------------------------------------------------------------------------------
   1        28.710    -170.712     191.195      91.206     195.589      -0.774
   2      -170.712    -307.952    -296.674     130.455     481.716    -251.020
   3       191.195    -296.674    -487.292    -215.845     -22.286     152.391
